3.600000000000000089e+00 7.900000000000000000e+01
1.800000000000000044e+00 5.400000000000000000e+01
3.333000000000000185e+00 7.400000000000000000e+01
2.282999999999999918e+00 6.200000000000000000e+01
4.533000000000000362e+00 8.500000000000000000e+01
2.883000000000000007e+00 5.500000000000000000e+01
4.700000000000000178e+00 8.800000000000000000e+01
3.600000000000000089e+00 8.500000000000000000e+01
1.949999999999999956e+00 5.100000000000000000e+01
4.349999999999999645e+00 8.500000000000000000e+01
1.832999999999999963e+00 5.400000000000000000e+01
3.916999999999999815e+00 8.400000000000000000e+01
4.200000000000000178e+00 7.800000000000000000e+01
1.750000000000000000e+00 4.700000000000000000e+01
4.700000000000000178e+00 8.300000000000000000e+01
2.166999999999999815e+00 5.200000000000000000e+01
1.750000000000000000e+00 6.200000000000000000e+01
4.799999999999999822e+00 8.400000000000000000e+01
1.600000000000000089e+00 5.200000000000000000e+01
4.250000000000000000e+00 7.900000000000000000e+01
1.800000000000000044e+00 5.100000000000000000e+01
1.750000000000000000e+00 4.700000000000000000e+01
3.450000000000000178e+00 7.800000000000000000e+01
3.067000000000000171e+00 6.900000000000000000e+01
4.533000000000000362e+00 7.400000000000000000e+01
3.600000000000000089e+00 8.300000000000000000e+01
1.967000000000000082e+00 5.500000000000000000e+01
4.083000000000000185e+00 7.600000000000000000e+01
3.850000000000000089e+00 7.800000000000000000e+01
4.432999999999999829e+00 7.900000000000000000e+01
4.299999999999999822e+00 7.300000000000000000e+01
4.466999999999999638e+00 7.700000000000000000e+01
3.366999999999999993e+00 6.600000000000000000e+01
4.033000000000000362e+00 8.000000000000000000e+01
3.833000000000000185e+00 7.400000000000000000e+01
2.016999999999999904e+00 5.200000000000000000e+01
1.866999999999999993e+00 4.800000000000000000e+01
4.833000000000000185e+00 8.000000000000000000e+01
1.832999999999999963e+00 5.900000000000000000e+01
4.783000000000000362e+00 9.000000000000000000e+01
4.349999999999999645e+00 8.000000000000000000e+01
1.883000000000000007e+00 5.800000000000000000e+01
4.567000000000000171e+00 8.400000000000000000e+01
1.750000000000000000e+00 5.800000000000000000e+01
4.533000000000000362e+00 7.300000000000000000e+01
3.317000000000000171e+00 8.300000000000000000e+01
3.833000000000000185e+00 6.400000000000000000e+01
2.100000000000000089e+00 5.300000000000000000e+01
4.633000000000000007e+00 8.200000000000000000e+01
2.000000000000000000e+00 5.900000000000000000e+01
4.799999999999999822e+00 7.500000000000000000e+01
4.716000000000000192e+00 9.000000000000000000e+01
1.832999999999999963e+00 5.400000000000000000e+01
4.833000000000000185e+00 8.000000000000000000e+01
1.733000000000000096e+00 5.400000000000000000e+01
4.883000000000000007e+00 8.300000000000000000e+01
3.717000000000000082e+00 7.100000000000000000e+01
1.667000000000000037e+00 6.400000000000000000e+01
4.567000000000000171e+00 7.700000000000000000e+01
4.317000000000000171e+00 8.100000000000000000e+01
2.233000000000000096e+00 5.900000000000000000e+01
4.500000000000000000e+00 8.400000000000000000e+01
1.750000000000000000e+00 4.800000000000000000e+01
4.799999999999999822e+00 8.200000000000000000e+01
1.816999999999999948e+00 6.000000000000000000e+01
4.400000000000000355e+00 9.200000000000000000e+01
4.166999999999999815e+00 7.800000000000000000e+01
4.700000000000000178e+00 7.800000000000000000e+01
2.067000000000000171e+00 6.500000000000000000e+01
4.700000000000000178e+00 7.300000000000000000e+01
4.033000000000000362e+00 8.200000000000000000e+01
1.967000000000000082e+00 5.600000000000000000e+01
4.500000000000000000e+00 7.900000000000000000e+01
4.000000000000000000e+00 7.100000000000000000e+01
1.983000000000000096e+00 6.200000000000000000e+01
5.067000000000000171e+00 7.600000000000000000e+01
2.016999999999999904e+00 6.000000000000000000e+01
4.567000000000000171e+00 7.800000000000000000e+01
3.883000000000000007e+00 7.600000000000000000e+01
3.600000000000000089e+00 8.300000000000000000e+01
4.133000000000000007e+00 7.500000000000000000e+01
4.333000000000000185e+00 8.200000000000000000e+01
4.099999999999999645e+00 7.000000000000000000e+01
2.633000000000000007e+00 6.500000000000000000e+01
4.067000000000000171e+00 7.300000000000000000e+01
4.932999999999999829e+00 8.800000000000000000e+01
3.950000000000000178e+00 7.600000000000000000e+01
4.517000000000000348e+00 8.000000000000000000e+01
2.166999999999999815e+00 4.800000000000000000e+01
4.000000000000000000e+00 8.600000000000000000e+01
2.200000000000000178e+00 6.000000000000000000e+01
4.333000000000000185e+00 9.000000000000000000e+01
1.866999999999999993e+00 5.000000000000000000e+01
4.817000000000000171e+00 7.800000000000000000e+01
1.832999999999999963e+00 6.300000000000000000e+01
4.299999999999999822e+00 7.200000000000000000e+01
4.666999999999999815e+00 8.400000000000000000e+01
3.750000000000000000e+00 7.500000000000000000e+01
1.866999999999999993e+00 5.100000000000000000e+01
4.900000000000000355e+00 8.200000000000000000e+01
2.483000000000000096e+00 6.200000000000000000e+01
4.366999999999999993e+00 8.800000000000000000e+01
2.100000000000000089e+00 4.900000000000000000e+01
4.500000000000000000e+00 8.300000000000000000e+01
4.049999999999999822e+00 8.100000000000000000e+01
1.866999999999999993e+00 4.700000000000000000e+01
4.700000000000000178e+00 8.400000000000000000e+01
1.782999999999999918e+00 5.200000000000000000e+01
4.849999999999999645e+00 8.600000000000000000e+01
3.682999999999999829e+00 8.100000000000000000e+01
4.732999999999999652e+00 7.500000000000000000e+01
2.299999999999999822e+00 5.900000000000000000e+01
4.900000000000000355e+00 8.900000000000000000e+01
4.416999999999999815e+00 7.900000000000000000e+01
1.699999999999999956e+00 5.900000000000000000e+01
4.633000000000000007e+00 8.100000000000000000e+01
2.317000000000000171e+00 5.000000000000000000e+01
4.599999999999999645e+00 8.500000000000000000e+01
1.816999999999999948e+00 5.900000000000000000e+01
4.416999999999999815e+00 8.700000000000000000e+01
2.616999999999999993e+00 5.300000000000000000e+01
4.067000000000000171e+00 6.900000000000000000e+01
4.250000000000000000e+00 7.700000000000000000e+01
1.967000000000000082e+00 5.600000000000000000e+01
4.599999999999999645e+00 8.800000000000000000e+01
3.766999999999999904e+00 8.100000000000000000e+01
1.917000000000000037e+00 4.500000000000000000e+01
4.500000000000000000e+00 8.200000000000000000e+01
2.266999999999999904e+00 5.500000000000000000e+01
4.650000000000000355e+00 9.000000000000000000e+01
1.866999999999999993e+00 4.500000000000000000e+01
4.166999999999999815e+00 8.300000000000000000e+01
2.799999999999999822e+00 5.600000000000000000e+01
4.333000000000000185e+00 8.900000000000000000e+01
1.832999999999999963e+00 4.600000000000000000e+01
4.383000000000000007e+00 8.200000000000000000e+01
1.883000000000000007e+00 5.100000000000000000e+01
4.932999999999999829e+00 8.600000000000000000e+01
2.032999999999999918e+00 5.300000000000000000e+01
3.733000000000000096e+00 7.900000000000000000e+01
4.232999999999999652e+00 8.100000000000000000e+01
2.233000000000000096e+00 6.000000000000000000e+01
4.533000000000000362e+00 8.200000000000000000e+01
4.817000000000000171e+00 7.700000000000000000e+01
4.333000000000000185e+00 7.600000000000000000e+01
1.983000000000000096e+00 5.900000000000000000e+01
4.633000000000000007e+00 8.000000000000000000e+01
2.016999999999999904e+00 4.900000000000000000e+01
5.099999999999999645e+00 9.600000000000000000e+01
1.800000000000000044e+00 5.300000000000000000e+01
5.033000000000000362e+00 7.700000000000000000e+01
4.000000000000000000e+00 7.700000000000000000e+01
2.399999999999999911e+00 6.500000000000000000e+01
4.599999999999999645e+00 8.100000000000000000e+01
3.567000000000000171e+00 7.100000000000000000e+01
4.000000000000000000e+00 7.000000000000000000e+01
4.500000000000000000e+00 8.100000000000000000e+01
4.083000000000000185e+00 9.300000000000000000e+01
1.800000000000000044e+00 5.300000000000000000e+01
3.967000000000000082e+00 8.900000000000000000e+01
2.200000000000000178e+00 4.500000000000000000e+01
4.150000000000000355e+00 8.600000000000000000e+01
2.000000000000000000e+00 5.800000000000000000e+01
3.833000000000000185e+00 7.800000000000000000e+01
3.500000000000000000e+00 6.600000000000000000e+01
4.583000000000000185e+00 7.600000000000000000e+01
2.366999999999999993e+00 6.300000000000000000e+01
5.000000000000000000e+00 8.800000000000000000e+01
1.933000000000000052e+00 5.200000000000000000e+01
4.616999999999999993e+00 9.300000000000000000e+01
1.917000000000000037e+00 4.900000000000000000e+01
2.083000000000000185e+00 5.700000000000000000e+01
4.583000000000000185e+00 7.700000000000000000e+01
3.333000000000000185e+00 6.800000000000000000e+01
4.166999999999999815e+00 8.100000000000000000e+01
4.333000000000000185e+00 8.100000000000000000e+01
4.500000000000000000e+00 7.300000000000000000e+01
2.416999999999999815e+00 5.000000000000000000e+01
4.000000000000000000e+00 8.500000000000000000e+01
4.166999999999999815e+00 7.400000000000000000e+01
1.883000000000000007e+00 5.500000000000000000e+01
4.583000000000000185e+00 7.700000000000000000e+01
4.250000000000000000e+00 8.300000000000000000e+01
3.766999999999999904e+00 8.300000000000000000e+01
2.032999999999999918e+00 5.100000000000000000e+01
4.432999999999999829e+00 7.800000000000000000e+01
4.083000000000000185e+00 8.400000000000000000e+01
1.832999999999999963e+00 4.600000000000000000e+01
4.416999999999999815e+00 8.300000000000000000e+01
2.182999999999999829e+00 5.500000000000000000e+01
4.799999999999999822e+00 8.100000000000000000e+01
1.832999999999999963e+00 5.700000000000000000e+01
4.799999999999999822e+00 7.600000000000000000e+01
4.099999999999999645e+00 8.400000000000000000e+01
3.966000000000000192e+00 7.700000000000000000e+01
4.232999999999999652e+00 8.100000000000000000e+01
3.500000000000000000e+00 8.700000000000000000e+01
4.365999999999999659e+00 7.700000000000000000e+01
2.250000000000000000e+00 5.100000000000000000e+01
4.666999999999999815e+00 7.800000000000000000e+01
2.100000000000000089e+00 6.000000000000000000e+01
4.349999999999999645e+00 8.200000000000000000e+01
4.133000000000000007e+00 9.100000000000000000e+01
1.866999999999999993e+00 5.300000000000000000e+01
4.599999999999999645e+00 7.800000000000000000e+01
1.782999999999999918e+00 4.600000000000000000e+01
4.366999999999999993e+00 7.700000000000000000e+01
3.850000000000000089e+00 8.400000000000000000e+01
1.933000000000000052e+00 4.900000000000000000e+01
4.500000000000000000e+00 8.300000000000000000e+01
2.383000000000000007e+00 7.100000000000000000e+01
4.700000000000000178e+00 8.000000000000000000e+01
1.866999999999999993e+00 4.900000000000000000e+01
3.833000000000000185e+00 7.500000000000000000e+01
3.416999999999999815e+00 6.400000000000000000e+01
4.232999999999999652e+00 7.600000000000000000e+01
2.399999999999999911e+00 5.300000000000000000e+01
4.799999999999999822e+00 9.400000000000000000e+01
2.000000000000000000e+00 5.500000000000000000e+01
4.150000000000000355e+00 7.600000000000000000e+01
1.866999999999999993e+00 5.000000000000000000e+01
4.267000000000000348e+00 8.200000000000000000e+01
1.750000000000000000e+00 5.400000000000000000e+01
4.482999999999999652e+00 7.500000000000000000e+01
4.000000000000000000e+00 7.800000000000000000e+01
4.116999999999999993e+00 7.900000000000000000e+01
4.083000000000000185e+00 7.800000000000000000e+01
4.267000000000000348e+00 7.800000000000000000e+01
3.916999999999999815e+00 7.000000000000000000e+01
4.549999999999999822e+00 7.900000000000000000e+01
4.083000000000000185e+00 7.000000000000000000e+01
2.416999999999999815e+00 5.400000000000000000e+01
4.182999999999999829e+00 8.600000000000000000e+01
2.217000000000000082e+00 5.000000000000000000e+01
4.450000000000000178e+00 9.000000000000000000e+01
1.883000000000000007e+00 5.400000000000000000e+01
1.850000000000000089e+00 5.400000000000000000e+01
4.283000000000000362e+00 7.700000000000000000e+01
3.950000000000000178e+00 7.900000000000000000e+01
2.333000000000000185e+00 6.400000000000000000e+01
4.150000000000000355e+00 7.500000000000000000e+01
2.350000000000000089e+00 4.700000000000000000e+01
4.932999999999999829e+00 8.600000000000000000e+01
2.899999999999999911e+00 6.300000000000000000e+01
4.583000000000000185e+00 8.500000000000000000e+01
3.833000000000000185e+00 8.200000000000000000e+01
2.083000000000000185e+00 5.700000000000000000e+01
4.366999999999999993e+00 8.200000000000000000e+01
2.133000000000000007e+00 6.700000000000000000e+01
4.349999999999999645e+00 7.400000000000000000e+01
2.200000000000000178e+00 5.400000000000000000e+01
4.450000000000000178e+00 8.300000000000000000e+01
3.567000000000000171e+00 7.300000000000000000e+01
4.500000000000000000e+00 7.300000000000000000e+01
4.150000000000000355e+00 8.800000000000000000e+01
3.817000000000000171e+00 8.000000000000000000e+01
3.916999999999999815e+00 7.100000000000000000e+01
4.450000000000000178e+00 8.300000000000000000e+01
2.000000000000000000e+00 5.600000000000000000e+01
4.283000000000000362e+00 7.900000000000000000e+01
4.767000000000000348e+00 7.800000000000000000e+01
4.533000000000000362e+00 8.400000000000000000e+01
1.850000000000000089e+00 5.800000000000000000e+01
4.250000000000000000e+00 8.300000000000000000e+01
1.983000000000000096e+00 4.300000000000000000e+01
2.250000000000000000e+00 6.000000000000000000e+01
4.750000000000000000e+00 7.500000000000000000e+01
4.116999999999999993e+00 8.100000000000000000e+01
2.149999999999999911e+00 4.600000000000000000e+01
4.416999999999999815e+00 9.000000000000000000e+01
1.816999999999999948e+00 4.600000000000000000e+01
4.466999999999999638e+00 7.400000000000000000e+01
