2.138841162667700857e+01 2.258619728254669567e+01
1.565047410590067933e+01 2.632266826730370823e+01
1.872585071497637799e+01 8.308351878682776359e+00
8.825752570664914032e+00 2.451274715490828982e+01
2.585966266118629164e+01 1.954844306612267957e+01
1.651062791475393254e+01 2.635985649828396049e+01
3.150495212980315074e+01 2.315699556880572985e+01
2.097041065501779045e+01 1.175592960409868759e+01
2.163217503029068922e+01 2.876351356998860709e+01
2.570075184822277237e+01 1.772105791898609439e+01
1.617058761087416130e+01 1.416914217431121159e+01
1.360915583876234791e+00 2.151888053126890910e+01
7.828287984377137576e+00 2.027020920024374107e+01
2.370990399654879965e+01 2.518195524755540049e+01
1.940640752557146342e+01 2.167165419153815620e+01
1.545102640616437029e+01 1.851121064692150142e+01
2.208184847479029500e+01 1.228745390771624102e+01
1.727528694627997652e+01 1.695781794933797570e+01
2.528335738088735951e+01 2.585667544425365350e+01
1.275982175678543484e+01 1.787616432338743166e+01
2.167829188534715001e+01 2.018400100044928180e+01
2.168083124761841773e+01 1.283955878195579103e+01
1.328883532951283186e+01 1.774368525088258508e+01
2.270411682037592627e+01 2.465211791968075872e+01
2.231278651530167778e+01 1.699169051517742446e+01
2.195954139991091125e+01 2.071660740751386243e+01
1.249135966073717796e+01 2.017510007619062407e+01
2.444643370098999213e+01 1.936828829323287238e+01
2.639708841088953761e+01 2.088794990611150837e+01
2.129446010067521655e+01 1.406454092520640664e+01
1.037647525792236003e+01 2.127868908267343073e+01
2.064554169183346843e+01 2.847780232603465933e+01
2.100889128572613274e+01 1.966881173237034375e+01
1.624403602688076020e+01 1.750971135715401417e+01
2.281937537045112308e+01 2.524829181388827948e+01
1.324198163025928920e+01 1.026070781967386836e+01
2.466050951086527476e+01 1.748811734532623419e+01
1.774892695062942138e+01 1.322088883516446955e+01
3.179606995181309514e+01 1.493195380764245428e+01
2.515527913341578170e+01 2.112225834805483871e+01
1.993702012044829530e+01 1.161257332031238398e+01
1.890199027091817285e+01 2.319766470309500406e+01
1.867683355947545465e+01 1.995015388225927566e+01
1.951716544202576742e+01 1.309568529464250730e+01
1.768034484434229014e+01 2.115088084533026702e+01
1.496112124795689979e+01 2.104002099454674379e+01
1.806099953809519576e+01 1.125939165712513557e+01
1.703481883150065457e+01 2.160938101906096875e+01
2.014042122015056080e+01 2.116274338034958546e+01
2.070644192706608777e+01 2.097790368764344393e+01
1.610164574956479555e+01 2.192709846314582123e+01
1.655818790471733237e+01 1.906571609801842371e+01
1.258669052364805196e+01 2.414570843918371068e+01
1.807297058097598352e+01 1.581316730709003338e+01
1.952538029483927673e+01 1.262244938289300045e+01
1.785921208245166980e+01 8.273242945099070766e+00
1.851472436042976710e+01 1.745294882507015544e+01
1.365763248632747384e+01 1.633931289662664099e+01
2.232838222766857683e+01 1.943242973462769285e+01
2.204937140822987018e+01 1.841806963229824490e+01
1.957824642913622881e+01 1.548351226590725105e+01
2.078373604295251198e+01 1.660722939296931955e+01
2.358254865046147231e+01 1.701565706307086145e+01
1.969913626372402504e+01 2.006455890924414120e+01
2.234344895543473797e+01 2.044212933688797307e+01
2.164545512680435380e+01 1.350934517654709133e+01
2.391398911574205144e+01 2.349680163281104939e+01
2.970218127881658532e+01 2.523175373197201310e+01
2.442674704323606605e+01 1.867353960564888737e+01
1.794878277948481582e+01 1.681524727233878735e+01
1.274861426438063816e+01 2.162626436536249841e+01
2.694325042883578547e+01 2.535116934098345709e+01
1.930275996614346212e+01 1.436038447468165913e+01
1.468216880301106286e+01 9.033689589296862721e+00
1.990658128353686962e+01 1.911422219214658114e+01
6.065440713550761132e+01 3.894047902374271786e+01
5.846067489865339439e+01 4.136168014950388283e+01
6.384286795116858571e+01 5.291684445545502058e+01
6.152877075109850580e+01 4.207969376332328437e+01
6.177963082399364936e+01 4.512692247456369898e+01
5.906240160702336084e+01 3.102780978809652979e+01
6.137625970807194875e+01 2.939305903628631356e+01
6.273297206327183062e+01 5.083963877515143537e+01
6.021197005268638236e+01 3.117963025228063145e+01
6.187268460767531053e+01 4.198684840141631724e+01
5.819801567073939452e+01 3.687776356147377044e+01
5.457895626226076047e+01 2.715807934415195746e+01
5.880355246456231555e+01 4.121477316663349200e+01
6.261843841069673999e+01 4.589277004724407050e+01
6.078583451407604343e+01 4.455318190860227645e+01
6.135563786581694501e+01 4.223892097116809907e+01
6.106440699020606644e+01 3.650976554898623760e+01
5.790948279911420116e+01 3.230203173750896894e+01
6.249261454719587761e+01 5.689718155548020206e+01
5.556810126690609764e+01 3.328734405117347706e+01
6.170388418569891087e+01 3.690921742218213097e+01
6.236632751792286200e+01 4.341639717789922059e+01
6.242700207711393290e+01 4.827536978714039151e+01
5.906449982164891566e+01 3.192978407861207302e+01
6.432078105253457068e+01 4.358895733854985366e+01
3.503312786728757544e+01 6.115547904578246374e+01
3.851363134682187450e+01 6.709267301228945257e+01
2.970578874724132845e+01 6.058803095976962538e+01
2.709375780319339100e+01 5.638475406397324718e+01
3.590101993232378419e+01 6.469428518917196413e+01
3.551705735903684769e+01 6.139420742530328567e+01
2.948694511239785498e+01 5.910863409631040355e+01
3.262059857359304260e+01 6.263463377466752036e+01
3.759591759363868846e+01 6.415319158236738417e+01
2.469516000033953418e+01 5.481632495348846135e+01
2.644867769002275892e+01 6.405913433286976044e+01
2.713051943159205237e+01 5.980934518088569263e+01
2.902654993301165476e+01 6.019200743085935557e+01
2.861144275348415889e+01 6.371552011577539076e+01
3.128903160005051021e+01 6.259844786175899145e+01
2.824879613485719432e+01 5.536845763623231420e+01
2.971741447152149718e+01 6.050532953367412858e+01
3.108026392199140631e+01 5.649529466933808663e+01
3.230169076892922675e+01 5.822968471261236090e+01
3.199001312278164022e+01 6.439103531934711100e+01
2.710042471707008715e+01 5.650927244369746205e+01
3.058092625228326966e+01 5.853427157149127424e+01
3.376271640067763258e+01 6.314787088458193409e+01
3.459796853421227070e+01 6.234579872172446358e+01
2.894647923016243496e+01 6.303753251345413844e+01
3.063022724003512920e+01 5.918036848187588106e+01
2.560752623547714890e+01 5.913296027346778061e+01
3.260577234651776024e+01 6.289537291487483373e+01
3.383891734030031984e+01 6.324116036667216889e+01
2.746498377391381851e+01 5.389993478679082983e+01
3.065122409441223184e+01 5.785788728831399652e+01
3.056287697358199651e+01 6.017110944711827614e+01
3.435539198779753178e+01 7.141786178057012080e+01
3.025643144948730523e+01 5.888272446660387516e+01
3.067708968452809870e+01 6.291805720943337121e+01
3.552345592177654510e+01 6.604772700306963884e+01
3.309749683922954944e+01 6.148699608694695229e+01
3.323904145172120650e+01 6.036453465479371516e+01
3.190074812036934659e+01 6.339741840333468303e+01
3.093234315533261736e+01 6.339639722511541464e+01
2.764453901446112027e+01 5.938133842915878091e+01
3.824580028687907429e+01 6.236013749220743563e+01
3.053997714585420908e+01 6.347118483913172327e+01
2.613827786783277674e+01 5.588096691981036912e+01
3.474334023876476607e+01 6.501066494357232273e+01
2.857076091885808111e+01 6.311608657581338377e+01
2.566968390424118240e+01 5.756884361696985053e+01
3.143045137956568524e+01 6.087431476436367461e+01
3.245279643349384457e+01 5.764465897492748070e+01
3.437400354715602191e+01 6.181272066793926712e+01
3.940831433908705606e+01 3.906235547022738785e+01
4.326402379271773668e+01 4.169569367738291987e+01
4.228922929052627921e+01 3.780820098090966042e+01
4.472033624005227637e+01 4.289453270380195704e+01
4.192438338376660312e+01 3.678191499832546185e+01
3.844338688968395701e+01 4.039060452330436135e+01
4.518197319264911016e+01 4.483806173002860618e+01
3.791238441224879807e+01 3.662703146464580328e+01
4.315742399902642745e+01 3.978413684412338824e+01
3.838321566754608227e+01 4.343412519940827110e+01
3.611055882583675469e+01 3.597158811941694267e+01
4.056670838200247431e+01 3.792257716553848468e+01
3.915231560048782455e+01 3.880389729724999626e+01
3.419447568485105649e+01 3.601491956337584810e+01
3.721136178286634788e+01 3.784963887343656097e+01
4.318569730108313820e+01 4.114263369559283490e+01
3.826571533364988653e+01 4.551044413358128793e+01
3.305344155413261831e+01 3.962720349287716459e+01
4.488211103360141863e+01 4.515050468832075126e+01
4.716375631979202865e+01 4.071226050307127764e+01
4.226456309405389788e+01 3.957373202239666199e+01
4.068755852824860852e+01 3.624644697736793120e+01
4.452635223697392775e+01 3.947354882553295141e+01
4.041078131993096179e+01 4.237985073870477493e+01
4.352104839367900979e+01 4.138885980757008554e+01
3.849443034353362236e+01 4.128126353724744035e+01
3.818277471049717064e+01 3.767325722809016497e+01
4.160880955924498892e+01 4.495513697908880602e+01
4.161895237300314676e+01 4.189861676802833301e+01
4.385610545608520283e+01 4.100887182482293980e+01
3.654533107882276965e+01 4.160752677871774097e+01
3.533190065110525069e+01 3.383393102672026487e+01
3.965346081685392932e+01 4.473891131384022657e+01
4.198049980690867500e+01 3.935229622987770171e+01
4.422426243903166210e+01 4.242135513622152132e+01
3.713809141584273732e+01 3.705570395107099557e+01
3.547088327731812285e+01 3.367727288301367139e+01
3.907535706831202305e+01 3.853694149151047554e+01
3.858481936237328824e+01 3.986641856845228205e+01
4.002587419079426212e+01 4.278037697893547886e+01
3.838657382693956777e+01 4.600513806947099482e+01
4.077036003394965036e+01 4.209489545797967480e+01
4.149754179132953169e+01 4.275573492000068399e+01
3.991878456126295305e+01 3.606146565899899059e+01
4.034938078675814666e+01 4.257595079336360300e+01
3.788433278081022593e+01 3.996860122644265800e+01
3.492063158223212582e+01 3.768508436543213236e+01
3.530634355409586789e+01 4.082396710937418760e+01
4.154595833807584171e+01 4.456315010773813157e+01
3.548264523388595393e+01 3.717079238560326360e+01
