2.634389392521404005e+01 1.325534244658558869e+01
1.851319732332267165e+01 2.086545405553625443e+01
2.070951179977599210e+01 2.638435547631973677e+01
2.186545515290463726e+01 1.474241192156705260e+01
1.550255948340709011e+01 2.802465925579004136e+01
2.112599390024477586e+01 1.405923190387146704e+01
2.765844844875945796e+01 1.147591123921210254e+01
1.420475997775603716e+01 2.801752888683618181e+01
2.084735997961247023e+01 2.225242318289560473e+01
1.905556278595347663e+01 2.142192904671463793e+01
2.006971973114302443e+01 9.375216964412782517e+00
7.587030685761495974e+00 2.302833422129979368e+01
2.050067847179597891e+01 1.956605429305207977e+01
2.575490756363346989e+01 1.801373844636829702e+01
2.009400429629592466e+01 2.064796745320740001e+01
1.933381817862036200e+01 1.814325688314259111e+01
1.420191427345683266e+01 1.707826487008932048e+01
2.920537518102963048e+01 1.714861566896690093e+01
1.657946266433647864e+01 1.935597761791539995e+01
2.197133777501515084e+01 2.215421492698947148e+01
2.664956311834840719e+01 3.026090097395778145e+01
2.450148420835163421e+01 2.025594698956047068e+01
2.042886713923542175e+01 2.160323366744789908e+01
2.491039457627952913e+01 2.784737099733004584e+01
1.030225239977564122e+01 3.103864759919545691e+01
1.859012549834626071e+01 2.778888807096042157e+01
2.870216800437741611e+01 2.248368007334789098e+01
1.642904087129554114e+01 2.269231245238519179e+01
2.894332421822172918e+01 2.840567912636274173e+01
1.861723839524938384e+01 1.908252059238527920e+01
6.073419900999606114e+01 3.756655809425389236e+01
5.852460589515582967e+01 4.062384286321393034e+01
6.135256980751422873e+01 3.665325922085079924e+01
5.914877453748286484e+01 4.161095984502169642e+01
5.974588925172418641e+01 3.514968348835570566e+01
6.615058585084535991e+01 5.187341173525868498e+01
6.113586884050471326e+01 4.113245189795144796e+01
6.090313105333073196e+01 3.517953037713444076e+01
5.769250068528960185e+01 3.525631472540698041e+01
6.110662003024388156e+01 4.126459284524550242e+01
3.028275182087822159e+01 6.191710323327448151e+01
3.099115973273676516e+01 6.022192770320067012e+01
2.960301463412401901e+01 5.759220873285752873e+01
3.342714097181906396e+01 6.111932247698845089e+01
3.874679343349517069e+01 6.065864745159763061e+01
3.296461967389637948e+01 5.879402735640204725e+01
2.581268393716698029e+01 6.033833587271915633e+01
2.997494141499510079e+01 5.786177370603047621e+01
3.131053263269578935e+01 6.038091831937001785e+01
3.212792844790241276e+01 5.679399146972757251e+01
3.273543913815576900e+01 6.326408825827323312e+01
2.947764573851596381e+01 6.045669673597947735e+01
3.542487704977938989e+01 6.884602625603679371e+01
2.926264902817855784e+01 6.107250692907601319e+01
3.110321889992859212e+01 6.112168659012691307e+01
2.617627703544414430e+01 5.629235027381714218e+01
3.107278059021986394e+01 5.906273559159226494e+01
2.580878509541505395e+01 5.172905219859759285e+01
3.189586627679069863e+01 6.006132378554307394e+01
2.697066760027038868e+01 5.888108679815042734e+01
3.948493113070091454e+01 3.622572542643204940e+01
3.740510876251521211e+01 4.033586323760991377e+01
4.126684883571989815e+01 3.669585092993203546e+01
4.716401925868839839e+01 4.778126014561720325e+01
4.474554389475663640e+01 4.464713360327536407e+01
4.624660447699596233e+01 4.552573321737239098e+01
4.344975547006302463e+01 4.381013002613447327e+01
4.152386069147183889e+01 4.525569594148570474e+01
4.494226248498189591e+01 3.955138197385653598e+01
4.180683645718048069e+01 3.937057597220367455e+01
3.962806242655287292e+01 4.157041792086530307e+01
4.171762305677662397e+01 4.674941021617186721e+01
3.764205260335801029e+01 3.679456621994700782e+01
3.639235469538804324e+01 3.974773981995191718e+01
4.115072561437803245e+01 3.552204528111256820e+01
4.146505203509205018e+01 3.958205168352452574e+01
4.367809113016522105e+01 3.723401616253773483e+01
4.072673683250273058e+01 4.494161414258025644e+01
3.765995142625191505e+01 4.049458033450029149e+01
3.689745019359063605e+01 4.380589602935855709e+01
