2.305173764369406797e+01 1.730281372584799726e+01
2.971275721328640884e+01 2.038581612192703219e+01
1.681016549725706355e+01 2.755435126477322783e+01
1.854794864144047040e+01 1.653588930880566465e+01
2.004047365635482691e+01 2.191756868454078599e+01
2.334304476943248119e+01 1.649746776767189260e+01
2.608028864864472141e+01 2.451427835730280691e+01
1.557278599891127868e+01 2.283268654925351271e+01
1.236814224792726868e+01 1.988794308224453999e+01
2.646115084805769868e+01 2.156981994699768634e+01
4.131073188772116822e+00 1.828126348926108236e+01
2.217059991951512643e+01 9.843678860906431183e+00
1.743109210742223070e+01 1.296181962008439470e+01
1.579982663736971560e+01 2.738884946691451816e+01
2.335215953388612675e+01 2.831674211655607820e+01
2.105136457101269798e+01 1.934802930308892144e+01
2.189905302043069923e+01 2.205328182452023356e+01
2.075562792658487510e+01 1.364037580394029447e+01
2.280575439769136992e+01 1.745176748721502946e+01
2.510060115340453990e+01 1.478989030300340346e+01
1.524681655346712361e+01 2.147648474514276984e+01
1.569107219985202661e+01 1.676471836316839159e+01
2.551209124065553979e+01 1.822775424325248750e+01
1.659380195917719902e+01 1.651917069218552214e+01
2.224135862139039688e+01 2.353587520495344165e+01
1.456214486313402645e+01 1.882681476592657077e+01
1.743924210324347257e+01 2.551920386371148552e+01
1.426126943627078347e+01 2.621263296806025522e+01
2.243041745498520356e+01 1.578553303414998332e+01
2.364965216247552604e+01 2.327756358709707385e+01
1.950372151039557878e+01 1.576090709417685076e+01
1.697673495614513328e+01 1.571114772466222931e+01
2.234188206122000508e+01 2.136987685455223840e+01
1.177821466449914212e+01 2.246675600543940732e+01
2.397820778399855612e+01 2.613114613467750402e+01
2.828294765317101422e+01 2.394800687949379636e+01
1.957542922839337862e+01 1.775568462130342695e+01
2.271892617265010728e+01 1.601723410686108906e+01
2.700922421619159053e+01 2.085728332509348348e+01
1.252596243821072086e+01 1.848189993216200122e+01
1.683827311475003441e+01 2.337939731337983318e+01
1.756232130918827394e+01 1.572706590596148502e+01
2.012007748170177734e+01 1.876085353843745196e+01
3.085674671044881023e+01 2.036110642427756545e+01
1.563921732294866374e+01 1.556836632827828737e+01
2.522316231547220511e+01 2.179110335235526819e+01
1.911818116992681382e+01 1.436374632003184360e+01
1.808742057557527261e+01 1.900186512344160761e+01
2.357851862983480373e+01 2.310374400928086303e+01
2.117190815385192337e+01 1.262329347325410467e+01
1.535690036740882647e+01 2.269202506220502613e+01
1.300053297430336308e+01 1.830194132398627715e+01
1.413447936053490750e+01 1.937471863393381355e+01
1.118257134531156538e+01 7.884395712641333986e+00
2.445255370451772592e+01 1.855554691416834956e+01
2.127216519606377787e+01 2.739866832089591853e+01
2.011470832184755508e+01 2.222946998664029650e+01
2.814556162581407506e+01 1.483442815603137177e+01
1.138868704333932058e+01 2.511395765273352154e+01
1.768044299476613901e+01 1.549657397671491310e+01
1.900334326734435209e+01 1.684473553451012151e+01
1.745414997472344609e+01 1.828990954363715460e+01
2.386088209200067212e+01 2.026531802943800642e+01
2.342502233018500846e+01 1.803968570089820744e+01
1.703933380320258095e+01 2.344062672027342131e+01
1.571708744581340156e+01 2.025048547477073058e+01
1.385827012148249437e+01 1.904703132994767145e+01
1.931157844909171217e+01 2.379782441160364925e+01
2.543627534514061850e+01 1.856384270425545679e+01
2.348429976034757516e+01 2.220402203453811296e+01
2.671751443318004604e+01 1.923225383471201866e+01
2.831923644655341832e+01 2.049075928012314662e+01
3.062820716935569010e+01 6.858603887745571726e+00
2.192803760931595036e+01 1.622241796587802654e+01
9.254412334669702034e+00 2.068795201600919498e+01
1.873572305384517733e+01 2.014723728191687613e+01
1.552915317775385873e+01 2.145340383787338467e+01
2.908195795194616551e+01 2.527588727879637887e+01
1.491698091599213427e+01 1.778416216085195245e+01
2.125272853245030902e+01 9.546534738848926338e+00
2.143625602680269182e+01 1.479405153577518206e+01
1.195841681784355082e+01 1.779730507820674745e+01
1.921475422593056592e+01 1.612434469754205324e+01
2.067701259562498706e+01 2.408699353126128884e+01
1.262466077477402138e+01 2.001089535338240566e+01
2.497611944155672958e+01 7.205541502704424062e+00
2.431143235913136280e+01 2.325414066220097453e+01
1.636764765993462234e+01 1.938223225107896042e+01
2.604202508092703994e+01 2.696608337268031974e+01
1.635017901480579994e+01 2.751488860338771048e+01
1.944367702116083763e+01 1.349298637575956938e+01
1.527420194977050016e+01 1.305845506515517229e+00
1.498198633139491420e+01 1.678608168563605219e+01
1.845856437064095701e+01 2.046744909545391877e+01
1.660486816899211249e+01 1.403015939299276482e+01
2.154205319407509833e+01 1.506939304531239898e+01
2.172784836622752636e+01 1.604724530342483391e+01
1.679927789741585187e+01 9.663434952990201054e+00
1.405664260400746457e+01 3.066525096003280737e+01
2.342490210055111532e+01 9.001072057450281605e+00
2.389169770451639607e+01 1.256759782004801096e+01
2.061450863689771396e+01 2.553440230325632854e+01
1.135516847786308858e+01 1.829903505524224983e+01
1.843066475037094420e+01 1.931362672553906634e+01
1.458900506266546948e+01 1.866324204524411101e+01
1.866489247160583176e+01 6.784741293341767232e+00
2.069022901856865815e+01 2.426244988622680410e+01
2.180280391348633984e+01 2.050400095316512861e+01
1.818956281817161980e+01 1.770916947146391607e+01
2.196488356943600451e+01 1.244544861356861176e+01
1.368323180273710094e+01 1.536692186475008626e+01
7.869685313533381077e+00 2.959902226224400579e+01
1.781382652363204855e+01 2.816757501977400580e+01
2.195930363904133031e+01 1.603554515531317293e+01
1.768889422539906064e+01 1.895261959285094377e+01
1.515719699705316437e+01 1.679447164283858740e+01
2.196707055987866042e+01 1.166585811372925541e+01
1.711685577964317773e+01 2.234537684280558878e+01
2.791971270736578958e+01 2.468329930760268098e+01
1.745311827647680047e+01 2.898218729045873232e+01
2.175755597254749674e+01 2.771730970400238903e+01
2.423075484105619992e+01 2.280222091891300451e+01
2.371179533761769065e+01 1.706287474246675728e+01
1.677031353226872312e+01 2.253640214572743972e+01
1.222819994473053029e+01 2.974847111516564979e+01
1.056287892606736634e+01 8.883054882223110127e+00
2.043879349330670792e+01 2.248682235795423878e+01
1.388694635746932526e+01 2.662145725571343746e+01
3.070448744642260408e+01 1.587247937548331223e+01
1.204177648111616961e+01 9.379269449421714810e+00
2.755267118949812044e+01 1.918218305898964005e+01
1.695275741737609820e+01 1.130473021078743123e+01
3.002661918921201334e+01 2.918001861527753604e+01
2.343431819288828422e+01 1.833270839050901202e+01
1.097206439265754341e+01 3.164729951517088580e+01
2.745024743329570072e+01 2.185801221970438490e+01
2.321645591997141267e+01 2.356031357247814029e+01
2.899889963759180134e+01 2.372077172991624394e+01
2.474920262628329937e+01 2.329824406882055499e+01
2.090230864304614755e+01 2.386297839285753497e+01
2.107722092765408206e+01 1.235113144472896707e+01
1.574150470062888019e+01 2.214409845618820682e+01
2.664222648695446338e+01 2.416372224186577711e+01
1.972029955193903206e+01 2.238946781452893475e+01
1.300761683356385134e+01 2.370629511393268984e+01
2.507826295586772147e+01 2.773852194626249457e+01
2.555665161418905740e+01 3.014415934254951424e+01
2.067621001348977572e+01 2.364878633110643236e+01
1.583866801036703897e+01 2.081916365934845814e+01
2.104837157668423941e+01 2.414310426302975898e+01
6.021479139704991468e+01 4.732568647377401305e+01
5.874427206110445354e+01 3.676996045787998924e+01
6.236731906217813304e+01 4.921403449591853274e+01
5.763590312962804063e+01 3.793281831348890876e+01
6.457379070857736281e+01 4.067550505526860150e+01
6.039122309747273221e+01 4.533839510386270888e+01
5.900020188575701496e+01 3.824588597937507473e+01
6.354361636309794648e+01 4.425655454705822223e+01
6.031443025229346233e+01 4.729679997046933693e+01
6.176336291284371072e+01 4.251468660207024186e+01
5.603545598193755950e+01 2.662029866816633117e+01
6.199362030977314220e+01 4.233946463794345050e+01
5.994418021410911734e+01 3.907374827401862660e+01
6.036987364389784716e+01 4.354342060556613347e+01
5.794260954312046152e+01 3.016242288368454183e+01
5.868498923991506899e+01 4.042421506272663123e+01
5.958120317158249435e+01 3.037210627075801384e+01
5.911288192610464165e+01 3.831259300610645369e+01
5.725930698041644717e+01 3.373770946658760295e+01
5.897057015874824515e+01 3.651267174412946304e+01
5.968516803574009799e+01 2.955503128471128704e+01
5.413788666293961427e+01 2.926636189778703567e+01
6.105150438065307839e+01 3.991845267970251854e+01
6.132446721473231577e+01 4.393576955566481956e+01
5.950658037886172025e+01 4.145174484244786584e+01
5.536177313769786679e+01 3.941574423038002095e+01
5.998257035105297774e+01 3.834524758386999110e+01
6.071780955333203877e+01 3.469684750111544247e+01
5.842892949187490359e+01 3.321567917567968919e+01
5.946757074590321679e+01 3.364713787646708454e+01
6.280187156837669704e+01 4.316343110618285550e+01
6.451571650919996159e+01 3.925993096197709065e+01
5.892679386523814600e+01 3.763853439811601476e+01
5.671586719099725116e+01 3.646813441749832663e+01
6.269677280296033928e+01 4.684152381599761128e+01
5.823235387938408536e+01 4.226898619908973842e+01
5.852003460318734085e+01 3.785293993594332562e+01
6.197045217499949388e+01 4.729610706522994690e+01
6.056089363666268355e+01 3.401498167619375579e+01
6.270685810433018048e+01 3.958612686948961112e+01
6.050914426303770455e+01 3.102839220389248709e+01
5.772889808525118838e+01 4.006129516903286003e+01
6.458986853397598793e+01 5.277473756123408322e+01
6.502026433345653800e+01 5.124743504513896397e+01
5.715446438102706850e+01 3.639906607162043883e+01
6.340798152003056032e+01 4.878598964320632092e+01
5.765767633398339598e+01 3.022694117391424129e+01
5.832247060454647425e+01 3.645882055262094212e+01
5.862372532866554309e+01 4.524398792443538753e+01
6.301365167562865111e+01 4.245580743810418056e+01
3.537375459346893081e+01 6.270525115849437015e+01
2.474018597271770048e+01 5.873793148210451420e+01
3.187448099046991601e+01 6.278768025517199902e+01
2.509863723442886396e+01 6.133564248566736410e+01
2.338984824521990191e+01 5.897554082934248498e+01
2.570717712764395202e+01 5.935725767689783083e+01
2.907270853252634879e+01 6.359717960509478019e+01
2.700840824785277761e+01 5.603516393964503095e+01
2.751458496805881637e+01 5.953077452283953619e+01
2.938989830801826741e+01 5.478043388024512694e+01
2.973164435893000146e+01 6.137126108304123306e+01
2.745244260602237674e+01 6.249431765275963357e+01
2.600305255259175752e+01 6.059394443077914616e+01
2.946322653647313672e+01 5.949606917938456974e+01
2.837886459034004361e+01 5.882018211700288646e+01
3.215332016523750980e+01 5.907879506840303208e+01
2.572352038389695039e+01 5.618429369060290668e+01
2.629122065505873707e+01 6.084325656479401090e+01
3.016607752856256752e+01 6.346921323362826683e+01
2.934671960493970033e+01 6.216493604329816236e+01
3.354678453714097941e+01 6.352084160327981266e+01
3.089094884644239869e+01 5.994329223512720972e+01
3.197024774625479893e+01 6.244304926565215652e+01
2.925405468862855329e+01 6.253650098716199324e+01
2.571650692738472799e+01 5.653843798997997538e+01
3.191572826260287954e+01 5.901655625132278260e+01
2.854226880191208693e+01 5.689789862847075597e+01
2.830867470278027653e+01 6.430675000782599682e+01
3.153127579623345511e+01 5.903620917976625293e+01
3.041422001400932373e+01 5.809312315080272526e+01
3.292745147926252969e+01 6.496086487427007228e+01
2.923914489131686878e+01 5.770381064174440411e+01
3.386716986460186263e+01 6.167816517479746352e+01
2.611322101871957457e+01 5.660646037290226218e+01
3.297177039237271856e+01 6.140773033522626179e+01
2.645682839624117477e+01 5.642633858170073324e+01
3.203815361954098506e+01 5.991915922338963441e+01
2.838564625928035312e+01 5.833304472351677816e+01
2.914357258368717751e+01 5.900587256214539167e+01
3.133624032717340313e+01 6.459702448890232063e+01
2.897271936065116194e+01 6.134910183084775070e+01
2.495604199539782897e+01 5.873766267015086129e+01
2.428798059613785654e+01 5.882980824970887568e+01
2.774481562634666432e+01 6.006642364565301051e+01
2.867842880163390973e+01 6.142423714505043364e+01
3.195840543504248998e+01 6.480819447845701120e+01
3.289927470690319922e+01 6.457535158174346179e+01
2.845339551090354746e+01 6.317557799308307409e+01
3.750129583184494919e+01 6.354645802221723017e+01
3.432171012673945398e+01 5.962076441644510538e+01
2.563073411629133247e+01 5.782585857872476964e+01
3.251210962926145243e+01 6.485712105259960936e+01
2.821430364145369296e+01 6.044052331311620208e+01
2.713524969505738227e+01 5.584096402704450668e+01
3.086170629464429638e+01 5.878099623530092543e+01
2.985592389323407048e+01 5.959859441964567850e+01
2.310705491586439209e+01 5.987386638195060584e+01
2.870150435092227426e+01 5.733085339981525408e+01
3.277025754523100431e+01 5.483827874056414942e+01
2.710780734052594809e+01 6.035209304566996025e+01
2.935718034028715451e+01 6.205128332455046802e+01
2.981586645059250174e+01 6.226347976164500864e+01
2.975547936487133782e+01 6.026408061426660367e+01
2.943064649719999082e+01 5.882780525651403281e+01
2.688258151669555929e+01 6.404498085446992661e+01
3.339386624646881074e+01 6.263343041520892740e+01
3.001469708201594244e+01 6.647613198815933799e+01
3.001134080814885152e+01 5.842187587134112903e+01
3.350489050548636527e+01 6.398505165773816827e+01
3.245357463946932342e+01 6.503186453566512171e+01
3.182794749020113301e+01 5.679972553175804961e+01
3.146741703655321132e+01 5.480175730887761887e+01
2.921499076878436085e+01 5.521869543812014314e+01
2.938027616254408869e+01 5.585783184832603609e+01
3.002199735455698359e+01 6.034530182512386176e+01
2.818894246101845980e+01 6.019618052027558264e+01
2.726721840066326763e+01 6.154157685359070484e+01
3.052663600712466163e+01 5.721406014141734886e+01
2.727358910794472280e+01 5.337941284501479799e+01
3.187869979326002934e+01 6.240205566560420181e+01
3.171542523394964164e+01 6.239528678744214574e+01
2.515391787021629710e+01 6.074900532137320397e+01
2.947479470638172216e+01 5.516786071439462091e+01
2.942886428767934959e+01 5.753966250673940408e+01
2.678213155421403258e+01 5.891991880441504037e+01
2.842271954787408461e+01 6.425471645347700189e+01
3.478074863675341533e+01 6.294910914228970711e+01
2.937575929047489964e+01 5.740120937538529944e+01
2.911691818747457106e+01 6.018256227632215172e+01
2.496430671453445882e+01 5.442676754359688829e+01
3.472253556826244392e+01 7.122303112222456889e+01
2.930169350135655293e+01 5.878769897535612188e+01
2.928666454937130581e+01 6.077021119029855356e+01
2.972272304224799910e+01 6.038344810684588992e+01
3.131820099454300532e+01 6.183645338107780276e+01
3.701010429477778985e+01 6.092831184789579879e+01
3.099797718221634213e+01 6.662246292226176081e+01
3.002314785408590936e+01 5.961517840821417735e+01
3.233924579653876208e+01 5.815065829368169403e+01
3.202372862775802531e+01 6.749208931487197560e+01
3.846262684174640611e+01 3.661797727517224388e+01
4.319040959606834207e+01 4.125351241606455233e+01
4.029520333026047751e+01 4.079506207587535727e+01
3.739344387590652730e+01 3.608678328741778074e+01
4.615032974702837976e+01 4.238095384423433387e+01
3.882201139398933520e+01 4.266625127752335089e+01
4.271753818833017391e+01 4.048795309914338247e+01
4.037664374778959342e+01 3.742413966817965587e+01
4.118930107745072888e+01 4.140309569069464146e+01
4.222384650362418768e+01 4.078694186347602368e+01
3.952553048999195084e+01 3.826374370059568264e+01
3.384094746777440577e+01 3.666998969361520722e+01
4.056744128562870344e+01 3.477351784437652782e+01
3.806155103777686577e+01 3.955418558775730276e+01
4.629257931200508835e+01 4.296071665971226139e+01
4.064716014570687719e+01 4.309510077547352580e+01
4.786983920830715533e+01 4.301735585584027888e+01
3.930538153099848842e+01 3.745993844760283764e+01
3.982194106560714175e+01 3.922826105940531249e+01
4.351642016340260000e+01 3.714342154683303221e+01
3.971395207892693691e+01 3.870837418495539595e+01
3.949290299445588204e+01 4.073372736125348581e+01
4.507788280019468630e+01 4.624814137038121942e+01
4.290959783943241490e+01 4.018712021157605818e+01
4.094895705430207755e+01 3.591185490944359060e+01
3.890469173434189543e+01 4.628429801464825744e+01
4.255760949632842483e+01 4.149028400127474470e+01
4.102553299623902205e+01 3.858553495137106637e+01
3.697846739696425544e+01 3.585432217818862455e+01
4.064444206272349902e+01 4.085868913456086204e+01
3.696743227271689847e+01 3.668555779372201897e+01
4.132815078846442702e+01 4.399284834022037671e+01
3.931646967693280459e+01 4.052999829410001098e+01
3.754445676541508448e+01 3.775419953444006893e+01
4.285470312082230038e+01 3.795984116738513592e+01
3.864848565815500336e+01 4.100124649078237837e+01
3.966545786999324719e+01 3.743274280123709730e+01
4.084916200785457363e+01 3.522687307719478866e+01
3.858968022795284725e+01 3.753271478403337369e+01
3.951957298419983289e+01 3.724862312260759012e+01
3.382221904772453769e+01 3.698970316105730660e+01
4.386532072138813731e+01 4.329186130472848504e+01
3.690080269515459577e+01 3.607587306051100029e+01
4.069107214352320057e+01 4.214640753107629223e+01
4.399528463149896140e+01 4.207856049294799305e+01
3.972079579873259547e+01 4.126373695788560525e+01
3.797348783243545256e+01 3.819225381043228396e+01
3.250673940665690509e+01 4.001337806383220652e+01
3.942011541219494575e+01 3.951693693328048340e+01
3.815044517502219890e+01 4.224597258077762518e+01
4.994921853496323649e+01 4.884997786547391740e+01
3.920533891732232945e+01 4.167155253596226316e+01
4.417344048533689715e+01 4.008037145015153868e+01
4.489298632580367610e+01 4.458899609794121233e+01
3.808134547273186143e+01 4.314465052175555115e+01
4.058513359139062260e+01 4.377317536595017344e+01
4.066026381675457912e+01 4.038082247400407709e+01
4.173141431844315008e+01 4.072907621897913089e+01
4.090970304210821240e+01 3.876404269342376807e+01
3.743431678720485678e+01 4.154179170480772854e+01
3.854616527616713739e+01 4.031304059822029018e+01
3.664518716850086832e+01 3.923961304063516309e+01
4.009474588582599353e+01 3.839583266257000105e+01
4.021700675318255946e+01 3.678006485552185723e+01
3.748153657423426921e+01 3.640526080626165140e+01
3.826258731581206263e+01 3.750414045143429576e+01
4.047865516759712534e+01 3.804081409590650509e+01
3.842290915363618353e+01 3.708336784750134285e+01
4.179721212892471982e+01 4.192369059166640710e+01
3.959239258997246225e+01 3.909783658740392553e+01
4.291283566460799648e+01 3.768072196041809718e+01
4.320393547680873780e+01 3.843270772799600365e+01
3.926929379612014515e+01 4.088513158696205352e+01
4.418893642432960434e+01 3.893174684343271963e+01
3.911643146616408018e+01 3.737912832685506004e+01
3.430901783915716408e+01 3.472692213365331071e+01
4.087284595195681902e+01 4.276799211055672600e+01
3.802821283654211015e+01 4.106178315002173917e+01
4.079264800005783798e+01 3.953695220030241586e+01
3.903598549121414862e+01 3.825022003942799387e+01
4.129259987360758544e+01 4.116391430215020364e+01
3.835119476966164598e+01 4.133143511172428219e+01
3.779716255626279064e+01 4.154652795306733282e+01
4.296364657647372098e+01 4.242852368499414695e+01
4.051662410094311184e+01 3.995801250355901857e+01
4.170583141772955571e+01 3.925574985069209077e+01
4.411006993836154066e+01 3.926318743868887395e+01
3.927164974406193920e+01 3.846752428089816789e+01
3.420869085753459160e+01 4.301829847733929313e+01
4.064082723822782839e+01 3.897357672488298164e+01
4.215880810798826417e+01 4.428112184888495761e+01
4.499835360478117252e+01 4.280714025905214015e+01
3.559352618912564026e+01 3.811383858038723815e+01
3.874641494798087393e+01 4.207264938113280550e+01
4.098443100757348390e+01 3.605615838321268285e+01
3.830759077059335027e+01 3.836295147197762390e+01
4.371380939875317040e+01 4.889829537642420121e+01
4.750633966019689325e+01 4.470159575128962359e+01
3.738952631308580266e+01 3.617117567846266724e+01
3.684935983465598497e+01 3.689893581706981252e+01
