1.627319307014725425e+01 1.655670629919170977e+01
1.678128321536055978e+01 2.586136647977482994e+01
1.632091963549182623e+01 2.493118187812728337e+01
1.747059952117747628e+01 2.382248243608801630e+01
2.007097182582466033e+01 1.530556897593215382e+01
2.054093486436289240e+01 1.224023968459560407e+01
2.288728093281114084e+01 1.635158120193739251e+01
1.127863608178522448e+01 1.482232868882472765e+01
1.695793332775681250e+01 2.122550702251145438e+01
1.225531152125626377e+01 3.397102688671333937e+01
2.652161926227888245e+01 1.384723710344708891e+01
1.972979795208639331e+01 1.785785865083883195e+01
3.432394059495798899e+01 1.396515161021175189e+01
2.353268005741866986e+01 1.438661922260959258e+01
2.307072212759030450e+01 2.779544207399379729e+01
6.516287792160552783e+01 4.345028151289357510e+01
5.764644446819877999e+01 3.505859424369412380e+01
5.888888618266955888e+01 4.224840857258162430e+01
5.680751102904626038e+01 3.826216526230653159e+01
6.174927484072161832e+01 4.234472620682432620e+01
3.098193527126927904e+01 6.191967458541257230e+01
3.681321377258944239e+01 6.149826810352904971e+01
2.638559297132833592e+01 5.964824077535471503e+01
3.149780241396667435e+01 6.453822149457292312e+01
3.397691000233700720e+01 5.973808523001878967e+01
2.931944516048047333e+01 6.184456371457120127e+01
3.202548519318094122e+01 6.096036118723940689e+01
3.333735003313755385e+01 6.381326738080381489e+01
3.155539930376332336e+01 5.954522459111513655e+01
3.027349710511885661e+01 6.402669691120154027e+01
4.177295528465153751e+01 3.884890473931380228e+01
3.946610890438447683e+01 4.083468104030161783e+01
3.971844785997816274e+01 3.640544482007327787e+01
4.367896555983113416e+01 4.022149718445628963e+01
3.894088828297159921e+01 3.397931311317162795e+01
4.403616056778520971e+01 3.611663513343889775e+01
4.265069693472815260e+01 4.162480519150346225e+01
3.638615163052124757e+01 3.999583147649456549e+01
4.069008891546710771e+01 3.842616961283302146e+01
3.964968240766657459e+01 3.549649455357047145e+01
