2.449086897574278510e+01 1.967228419012959506e+01
2.203925865216650237e+01 1.008377391807180246e+01
2.922418637554866550e+01 2.413096371869220746e+01
2.669582047188239216e+01 2.383766870420074113e+01
2.012872807353073057e+01 1.660470386651152452e+01
2.017412089668567532e+01 2.087178749634432506e+01
1.959735342989154461e+01 1.807143926002907364e+01
2.543367410828284036e+01 2.561863214134662670e+01
1.299421315949816602e+01 9.363514086493465172e+00
2.348663860892919431e+01 2.095847139594492603e+01
1.685881308254559130e+01 1.236138478360098603e+01
2.308715117179187715e+01 2.123882622592860869e+01
2.803260264794763756e+01 1.943695750015605483e+01
2.598038090557741597e+01 2.541683790310109003e+01
1.970521288831220375e+01 2.339488617879105092e+01
1.579146613330259541e+01 2.707799513472505026e+01
1.967657103182213163e+01 1.558358138875861698e+01
2.513952890498087811e+01 2.104037317544722185e+01
2.087764647647212257e+01 2.063240189110701905e+01
2.244665512237569516e+01 2.324082604019875831e+01
1.762286455404623453e+01 2.855658703569856272e+01
1.779745354802676971e+01 2.753374750347025213e+01
2.256556426118644865e+01 2.287982025061380043e+01
1.543516915298823022e+01 1.854338678644734273e+01
2.448733573430919819e+01 2.265230784268313258e+01
2.626010398117730205e+01 1.767362788211930891e+01
1.541403602275163820e+01 2.668098034430187582e+01
1.543518649345506688e+01 2.551546743057041766e+01
2.049555990353943002e+01 2.263061654086470398e+01
2.202614646089112327e+01 2.680274938854416433e+01
2.267003742029043423e+01 2.503084653400635773e+01
2.065455964673131461e+01 1.537380978944808874e+01
2.466821834275123848e+01 2.629305686054629376e+01
1.708030125788228659e+01 1.869058011070697845e+01
1.703455990121774022e+01 1.770193681333999791e+01
2.363886714985160964e+01 1.718121581277181065e+01
2.313683255820014750e+01 2.457857423473281244e+01
2.459405749817955922e+01 2.441259040769518052e+01
2.145844563381937675e+01 2.406557909415396068e+01
1.921125638150451920e+01 2.064577001259493372e+01
2.142425533906805768e+01 1.883572094542282827e+01
2.111700367546731272e+01 2.328529887065886328e+01
2.544133933518934043e+01 2.334751534194974099e+01
1.984266649301015661e+01 1.132199290751075438e+01
2.427936843551001189e+01 2.917155206943490242e+01
2.257511921954370848e+01 2.044492566917495324e+01
3.003412631021398482e+01 1.906392733059226430e+01
1.823161800007413191e+01 2.125891966434523894e+01
1.756944228111965600e+01 1.561601048921263413e+01
1.557025105932985554e+01 1.376595913240652891e+01
1.680557340920711695e+01 1.233677346595495194e+01
1.591143139213014202e+01 8.582295752857984183e+00
1.748043822577590234e+01 2.120839707181321998e+01
1.502075702417133840e+01 1.872305998498685042e+01
2.100560699950182553e+01 2.460745070444340854e+01
2.159309329726091420e+01 2.450029691727691272e+01
1.669760163297839739e+01 1.876193815300059597e+01
2.308670791129764410e+01 2.000211341472033766e+01
1.331043860574857796e+01 2.529860905949051642e+01
1.600492414306445355e+01 1.696843334544238857e+01
2.212193343592950256e+01 1.774289248152484078e+01
1.346682442623278320e+01 2.662944477000210952e+01
1.561642354338975025e+01 2.147228412090780836e+01
1.462963896436099986e+01 1.358842529973936308e+01
2.668976691736865803e+01 1.851356265350696972e+01
2.329398630752252686e+01 1.677693810152566201e+01
9.061639265572877022e+00 1.983526261551202552e+01
7.780731982489783150e+00 2.760616751745697783e+01
2.261838557810116157e+01 2.249842464627006322e+01
1.414801358975261891e+01 1.317990238761070465e+01
1.636217591463491772e+01 2.079311593137669334e+01
2.561245156282215163e+01 2.312530895650884233e+01
2.103324287061615649e+01 2.290075919759426171e+01
2.165725987809006625e+01 2.430520412363537019e+01
1.163088439359659709e+01 1.665987598351493659e+01
2.334508843461396310e+01 1.954969516479157576e+01
2.267224972184369136e+01 2.409379053585783481e+01
2.258365927209288770e+01 1.725534216587277925e+01
2.495259794836787393e+01 2.384923692840118647e+01
2.633278727036274702e+01 1.739224422642167411e+01
1.791665977904314389e+01 1.668573836716677405e+01
1.586498353767878911e+01 1.569911486216931351e+01
2.223526828020509072e+01 1.594328075340763107e+01
1.948095416824684278e+01 1.797981055861903599e+01
2.151187928081550638e+01 1.918145052170890352e+01
1.359683709292732701e+01 1.577540430533175275e+01
2.451451791592527485e+01 1.743436683896972639e+01
1.767725995443900544e+01 2.215947916167224463e+01
2.417777152108354244e+01 2.111490057807503362e+01
1.745705170715314125e+01 2.230492636312463972e+01
1.621914310105744050e+01 1.713469072206943622e+01
1.336913037227645873e+01 2.223286099337990507e+01
2.257875235022861204e+01 1.642710084975470863e+01
2.865526394537073784e+01 1.888796272724426473e+01
1.397607389544632817e+01 1.596424797720109190e+01
1.533910522464563897e+01 1.762123277313550673e+01
2.368193725652177051e+01 1.344497097001072206e+01
2.251704471385435724e+01 1.760153225556374323e+01
1.948046437405412945e+01 3.091666591833723388e+01
1.381061250865541190e+01 2.494973073275027531e+01
6.716205591335435088e+01 4.037798324148110396e+01
7.225485467774369397e+01 4.125891619335639859e+01
7.170969241714621489e+01 3.829506404999733604e+01
7.005347572450028792e+01 4.199059312299014124e+01
7.470502862359869312e+01 5.178702036097027417e+01
7.067740534700641319e+01 4.085427229204746169e+01
6.927911409001288234e+01 3.951693272612365604e+01
6.876956143169442726e+01 3.608972361062579637e+01
7.284576444825812302e+01 3.692548956154497830e+01
7.030518482214733922e+01 4.976442895301907754e+01
6.653319493747230240e+01 3.998190039338862078e+01
6.892055137314841318e+01 4.085734149008816019e+01
7.166482662918575386e+01 4.405770511830072422e+01
7.536879853105587301e+01 4.452671116433025844e+01
7.268787009874354510e+01 4.698925708172695437e+01
7.376982987015452409e+01 4.197448352923473891e+01
6.690463194177699791e+01 3.973594966705654485e+01
6.769442265896344679e+01 3.766918734998460394e+01
6.901971240787496242e+01 3.893372306722118736e+01
7.175829856034086163e+01 3.691109494048043871e+01
6.830317046297302852e+01 4.101095783335565415e+01
6.999398046839320386e+01 4.322281447828873979e+01
7.069743567592566080e+01 4.265944637780180670e+01
6.681087223937456088e+01 3.537269457836892173e+01
7.332892096963541917e+01 5.039461055311073778e+01
7.002735743662758239e+01 4.217396413102155606e+01
6.945756524801694809e+01 4.208638819381822316e+01
6.789729367323717213e+01 2.995405546142771414e+01
7.085493168518414109e+01 4.211788422234067042e+01
6.634847458051390845e+01 3.991973166278137342e+01
6.844922933104551532e+01 3.960664965543598015e+01
6.848319316949226732e+01 3.062981964460579221e+01
6.822357549860937809e+01 3.178597411126373729e+01
7.103120208194806651e+01 4.969649194493667466e+01
6.980103938770776040e+01 4.483076510274131721e+01
7.404081556749085280e+01 5.238162418411273791e+01
7.394432787991119937e+01 3.776553323774296445e+01
7.324407926494821197e+01 3.651804339834811231e+01
7.481177246007203507e+01 5.432867157775237388e+01
7.164791929445826213e+01 4.600625659302408366e+01
6.748999276308128970e+01 3.370993271552905668e+01
6.714768521279387414e+01 4.723461904685773760e+01
7.032338774138473525e+01 4.844780939045115531e+01
7.201301256777739468e+01 3.733684403002730079e+01
7.216654141110619491e+01 4.782532949965786173e+01
7.108722046969865005e+01 4.524281552126862493e+01
7.008103181179431829e+01 3.851211895300248500e+01
7.032332497714365616e+01 3.531150464105702724e+01
6.593425261858644149e+01 3.062209318582534578e+01
7.015879414114489521e+01 4.620647189821352896e+01
3.523093040616821270e+01 6.295944184597213678e+01
2.771249771268256268e+01 5.388287451328199040e+01
3.116637859373317099e+01 5.793834023759469432e+01
3.173240476705461788e+01 6.309981799618717702e+01
2.062123813590885391e+01 5.408672386731777237e+01
2.929272406851184485e+01 5.865891878264898196e+01
3.229445206175421390e+01 5.997632379450794815e+01
3.073543736944216676e+01 5.702805375173048219e+01
3.430830285456531215e+01 6.736641873367138089e+01
3.083612639255553134e+01 6.122941054164742525e+01
3.245133157729709694e+01 6.065691272321428329e+01
3.180225799112885454e+01 6.180021280923502758e+01
2.882385289353659985e+01 5.691315363436350339e+01
2.478346337540574496e+01 5.727754563775335583e+01
3.263858285026631734e+01 6.229949945410977818e+01
3.031449575200196378e+01 6.186471597142967482e+01
2.634415669645097680e+01 5.712186651475612109e+01
3.574751379445079635e+01 6.611142570798303097e+01
2.986152285445528420e+01 6.053696004440700307e+01
3.604694330479502895e+01 6.500846913873435540e+01
3.365329583714052575e+01 6.134432585308957897e+01
2.919544324629558218e+01 6.035920238932131099e+01
3.077293662818135189e+01 5.862199599664280214e+01
3.019277217316161810e+01 6.122222217016960855e+01
3.376123145684425708e+01 6.576824042129860004e+01
2.934997173436246953e+01 5.882173183834382257e+01
2.733463468836817967e+01 5.631550227118833618e+01
3.594582690811218129e+01 5.885571901689815633e+01
3.147844022208222370e+01 6.132817338247691907e+01
2.595512429950186828e+01 5.777273303161302209e+01
2.945543154093071436e+01 5.826727407631472033e+01
3.127295636520011968e+01 6.220428327464317420e+01
3.219300345277751063e+01 6.070843713694234367e+01
3.192776348458972180e+01 6.353251643744277999e+01
2.338072287128506943e+01 5.501646694730904130e+01
2.812585898554692676e+01 6.655546556428143390e+01
3.259725060734902513e+01 5.736851850405842868e+01
2.816983873632170798e+01 6.175221683149543850e+01
2.847385858319364615e+01 6.310124652716091731e+01
2.500644517044374737e+01 5.674650479107666712e+01
3.252853532269110559e+01 6.475331968449050635e+01
2.903772968424146583e+01 6.087532653917102010e+01
3.526458095901245571e+01 6.182618655916014205e+01
3.213364638249592531e+01 6.191824409975739485e+01
2.950449970781816234e+01 5.785119067490985856e+01
2.981484279799360237e+01 6.323544052198474930e+01
2.619904028902396220e+01 6.106917487400649946e+01
3.326887086655825954e+01 5.766543733392335014e+01
3.571007080196990557e+01 6.067655230988520287e+01
2.862267564974652956e+01 6.575119022050324702e+01
3.088999297399875132e+01 6.088525437356099701e+01
2.476890652684710403e+01 6.191855608986686832e+01
3.105772596057175861e+01 5.622384427622872494e+01
3.021621348192721612e+01 6.139354853289439973e+01
2.952222093813455928e+01 6.417567379174616349e+01
3.379256896813216571e+01 5.859046284709248198e+01
2.858045723381740544e+01 5.754915632025599592e+01
2.777241411293206141e+01 6.086851576915679374e+01
3.372038677524115258e+01 6.157959060342765412e+01
3.351376444283894074e+01 5.908181837959922689e+01
2.471279634214227983e+01 5.891266571154086762e+01
2.895177987857917046e+01 6.088280759864920100e+01
3.329915101305043379e+01 6.359900391715833479e+01
2.187792853453976250e+01 6.072113377033334558e+01
2.908803261032883825e+01 5.785188009280013688e+01
2.933647552490432275e+01 5.896802921072084303e+01
2.658700943960992191e+01 5.782956247410481865e+01
2.637126344316585147e+01 5.915870621291168874e+01
2.989073942763872793e+01 5.266254676453564088e+01
2.690572597364204910e+01 5.602080850117403799e+01
3.199038282721478055e+01 5.869766146642691496e+01
3.409413847593816627e+01 6.305289212496294482e+01
3.183963280613946267e+01 5.695224895614284577e+01
2.622541035808347587e+01 5.371754678629517343e+01
2.556718390032210664e+01 5.203277068151381712e+01
2.650912243542035185e+01 5.430624322103748369e+01
2.582026631834284913e+01 5.679767395209314884e+01
3.066547379799379058e+01 5.364026007389897188e+01
3.029488730434716359e+01 5.747709499879965023e+01
3.017535535018545190e+01 6.252027985915701436e+01
3.655011171832727257e+01 6.716833420685166800e+01
3.196842984204925386e+01 6.338056164533339398e+01
3.099807063951825015e+01 6.220505304620213138e+01
2.878227238692095824e+01 5.817493242802495956e+01
3.146304278928222686e+01 5.722076923110812174e+01
2.821039466067374590e+01 5.710243342768394825e+01
2.941489899702349220e+01 5.917759453897859601e+01
2.764262705145537780e+01 5.960404750814275587e+01
2.606722514680222247e+01 5.736644327799468357e+01
2.890188873534824410e+01 5.732051881104199254e+01
2.789381784502959505e+01 5.997408682395406032e+01
2.977347685876172889e+01 6.555539141647602719e+01
2.967680091270830900e+01 6.503752818064901930e+01
2.858641943484815329e+01 5.963442183080763925e+01
2.765027195132478610e+01 5.704851047062064850e+01
3.178913027473754482e+01 6.174410011004884780e+01
3.420558857240366990e+01 6.043570356195301230e+01
2.363707007118072312e+01 5.500619735806760957e+01
2.602522043021593845e+01 5.885911488280817849e+01
2.933200659084507222e+01 6.339576566954163184e+01
